802 883 924 987
639 838 863 990
792 829 870 901
584 828 836 984
669 821 880 978
718 816 846 920
558 810 837 981
620 801 863 972
486 790 848 996
656 789 899 978
606 788 792 914
588 784 854 966
192 774 810 996
612 768 900 984
334 768 780 962
657 761 804 878
328 761 772 953
502 756 804 938
419 755 794 950
64 751 785 968
9 750 820 991
565 748 877 970
83 747 830 996
563 746 787 898
465 745 830 960
288 744 792 960
484 744 772 912
15 744 756 945
272 740 828 984
82 738 820 984
156 738 750 936
440 736 752 904
81 729 810 972
270 728 819 971
546 728 793 897
92 727 737 922
138 726 822 978
614 726 776 852
108 726 732 918
228 722 817 969
439 722 766 905
191 722 744 921
70 721 847 994
550 721 735 846
692 720 926 942
276 720 830 974
80 720 800 960
496 720 744 872
663 719 820 858
62 719 764 935
423 719 748 894
295 718 831 972
306 718 726 898
320 716 852 984
383 716 831 960
79 716 823 974
420 714 812 938
276 713 759 920
146 713 750 921
79 711 790 948
584 710 821 893
321 705 708 876
561 704 825 902
188 704 776 932
370 703 888 999
78 702 780 936
120 702 741 909
373 700 802 931
176 699 765 922
59 699 762 922
582 699 730 811
573 698 850 915
113 697 848 982
473 696 786 895
107 696 746 909
543 694 855 928
610 694 839 887
77 693 770 924
22 692 856 986
243 691 768 916
72 690 868 994
200 685 851 976
153 685 771 919
437 684 885 976
360 684 864 972
320 684 816 940
216 684 774 918
76 684 760 912
66 684 711 879
449 683 759 873
264 682 726 880
185 680 705 870
399 679 734 864
573 678 934 979
317 678 870 979
624 676 872 900
234 676 783 919
564 675 837 894
75 675 750 900
355 675 720 860
146 674 808 940
256 673 874 985
476 672 888 964
504 672 732 828
544 671 673 764
613 669 928 954
477 669 828 912
2 668 876 990
391 668 856 953
200 668 708 864
422 666 753 865
74 666 740 888
225 665 870 980
350 665 840 945
161 665 812 938
14 665 742 889
320 664 758 886
540 664 732 808
302 664 704 850
390 663 754 871
493 662 934 995
470 660 900 970
126 658 861 973
25 657 772 906
105 657 756 894
73 657 730 876
210 656 883 987
210 656 802 924
503 655 878 940
69 653 810 932
374 653 699 828
256 652 744 876
252 651 693 840
425 650 900 975
180 648 852 960
72 648 720 864
340 646 816 918
204 646 731 867
6 646 668 828
160 645 675 830
36 644 688 840
385 644 658 791
327 643 725 849
178 642 804 920
52 641 871 974
155 641 765 891
510 640 750 820
245 640 749 874
226 640 708 846
71 639 710 852
432 638 705 809
80 636 768 892
90 636 760 886
59 635 660 816
392 633 903 976
521 633 822 874
508 633 760 825
321 633 700 826
306 632 888 974
27 631 759 883
240 630 890 980
230 630 840 940
484 630 826 888
70 630 700 840
434 630 651 763
285 629 892 978
486 629 723 800
394 628 893 965
285 628 861 952
73 628 833 938
330 627 792 891
409 626 862 935
114 626 732 860
144 625 894 985
65 624 897 988
408 624 864 936
289 622 834 927
411 622 746 837
344 621 750 853
69 621 690 828
438 621 627 738
448 620 847 911
240 620 660 800
60 618 726 852
570 618 668 704
233 617 830 926
462 616 671 759
220 615 706 831
130 615 625 780
600 614 799 807
60 614 618 776
432 613 755 834
456 612 942 990
404 612 890 954
209 612 852 943
360 612 696 804
68 612 680 816
139 612 654 797
106 610 837 933
320 608 768 864
192 608 688 816
290 606 894 970
115 605 685 815
90 605 610 765
190 604 648 786
36 603 909 990
27 603 768 876
572 603 741 760
67 603 670 804
186 602 604 756
42 601 786 889
290 600 920 990
162 600 912 990
495 600 815 860
332 600 674 786
239 599 818 908
326 599 617 746
391 598 828 897
372 596 664 768
532 595 966 987
423 594 810 873
165 594 781 880
66 594 660 792
297 593 738 836
478 592 862 904
15 591 618 762
500 590 930 960
350 590 920 980
257 590 696 807
298 590 673 785
396 590 625 729
310 589 744 837
228 589 627 760
392 588 831 895
464 588 788 840
16 587 757 860
405 586 933 982
284 586 788 874
317 585 821 897
65 585 650 780
272 584 740 836
36 582 919 991
240 582 885 957
207 582 720 825
148 582 666 788
380 581 595 706
336 580 792 868
398 580 734 808
251 579 810 892
80 579 629 762
183 578 762 857
96 577 791 882
54 577 711 820
9 576 846 927
60 576 828 912
275 576 716 813
459 576 675 738
64 576 640 768
39 575 888 962
360 575 825 890
255 575 810 890
317 573 870 934
261 573 648 762
374 572 792 858
51 571 906 976
4 571 669 786
114 570 886 958
291 570 772 853
300 570 720 810
138 570 696 804
180 570 645 765
55 570 639 764
12 570 636 762
368 569 647 740
226 568 610 736
87 568 591 730
367 567 916 966
111 567 840 918
216 567 801 882
207 567 756 846
63 567 630 756
343 566 847 908
294 566 840 908
300 566 730 816
285 565 830 900
142 565 576 717
108 564 738 834
107 564 683 792
8 564 674 786
178 562 724 820
534 562 717 733
134 561 855 928
330 561 638 737
56 560 732 828
420 560 610 690
124 558 930 992
163 558 723 818
62 558 620 744
216 558 594 720
363 558 579 684
229 556 710 803
107 555 654 766
536 555 653 666
204 555 621 738
5 552 662 771
330 552 564 678
83 551 771 855
290 551 696 783
279 550 656 753
316 550 570 684
122 549 915 976
174 549 660 765
61 549 610 732
464 548 646 694
144 547 669 772
484 547 636 675
395 546 936 973
357 546 756 819
363 544 915 958
372 544 723 787
358 544 662 740
148 544 564 696
134 543 561 694
240 542 772 846
144 542 655 759
477 541 756 784
4 540 940 996
120 540 900 960
207 540 855 918
261 540 828 891
150 540 710 800
479 540 636 673
60 540 600 720
284 540 576 688
372 540 558 654
439 538 831 864
421 538 813 852
226 538 659 755
264 537 818 881
81 537 809 881
240 537 639 738
17 537 564 694
284 536 930 978
47 536 920 977
32 536 808 880
144 536 562 690
200 535 830 895
292 535 792 855
132 534 797 869
232 534 556 678
180 532 696 784
280 532 672 756
168 532 602 714
118 531 885 944
450 531 837 864
315 531 828 882
219 531 732 810
59 531 590 708
94 530 607 719
359 528 935 972
186 528 771 843
55 528 759 836
141 528 730 811
376 528 720 776
141 528 582 699
204 527 561 680
330 525 875 920
330 524 954 992
145 524 601 710
395 523 668 724
144 522 900 954
116 522 870 928
58 522 580 696
340 520 720 780
4 519 814 879
135 519 642 738
348 519 593 674
144 516 942 990
128 516 732 808
128 516 540 664
33 515 747 821
50 515 605 710
219 515 583 687
114 513 855 912
129 513 748 820
270 513 648 729
386 513 620 681
240 513 612 705
57 513 570 684
8 512 752 824
408 512 600 656
14 510 896 948
334 510 828 872
262 510 798 854
380 510 785 825
300 510 580 670
175 510 519 644
468 507 654 675
102 505 638 729
60 504 918 966
112 504 840 896
192 504 712 784
4 504 690 770
184 504 672 752
357 504 666 723
56 504 560 672
378 504 549 621
398 502 797 829
16 502 729 801
34 502 666 750
102 502 596 696
63 501 693 771
128 501 627 718
200 501 587 684
150 501 531 648
135 500 760 825
44 500 610 706
135 500 508 633
12 498 846 900
270 498 825 873
405 498 549 606
183 496 540 649
192 496 528 640
10 496 504 630
110 495 825 880
55 495 550 660
447 495 526 562
221 494 949 988
323 494 684 741
260 494 624 702
156 494 559 663
136 493 850 901
335 493 521 607
242 492 915 955
34 492 565 669
104 492 500 624
297 491 607 681
32 490 764 826
360 489 578 641
192 489 558 657
209 488 721 784
303 487 774 820
216 487 657 730
415 487 570 612
353 486 857 888
108 486 810 864
135 486 639 720
124 486 618 704
96 486 604 694
124 486 570 668
54 486 540 648
372 486 505 577
189 485 658 732
92 484 548 652
72 484 488 612
27 483 516 630
444 482 756 770
425 482 529 568
324 480 824 860
184 480 760 816
232 480 736 792
50 480 690 760
42 480 679 751
396 480 652 688
380 479 729 762
412 479 640 671
106 477 795 848
60 477 576 669
53 477 530 636
147 476 838 885
63 476 750 809
42 476 730 792
250 475 600 675
115 475 580 670
10 475 530 635
68 474 752 810
255 474 658 721
220 472 786 834
400 472 744 768
280 472 736 784
355 472 699 738
180 472 687 751
381 472 600 643
212 470 844 886
2 470 825 873
90 470 615 695
214 470 472 584
28 469 707 770
104 468 780 832
306 468 648 702
52 468 520 624
80 468 494 606
143 467 939 975
101 467 617 695
124 466 612 690
180 465 815 860
180 465 495 600
261 464 957 986
131 464 894 933
128 464 800 848
58 463 834 879
329 462 630 679
389 461 842 860
223 460 839 878
288 460 660 712
204 460 648 712
275 460 470 565
19 460 467 584
218 459 948 979
98 459 840 883
102 459 765 816
270 459 522 603
51 459 510 612
249 459 503 593
300 458 928 954
87 458 748 801
300 458 613 669
70 457 882 921
178 457 696 753
84 456 916 952
204 456 876 912
334 456 846 872
240 456 576 648
144 456 516 612
44 456 474 586
214 454 652 712
72 453 870 909
225 453 851 887
333 453 774 804
54 453 708 765
133 453 574 654
47 452 804 849
228 452 664 720
22 451 946 979
76 451 485 590
100 450 750 800
254 450 666 718
376 450 558 596
257 450 545 618
50 450 500 600
310 450 465 545
252 448 924 952
237 448 749 792
7 448 658 721
357 448 525 574
336 448 488 552
279 447 498 576
229 447 463 561
318 446 552 608
133 445 566 644
366 445 491 540
370 444 930 944
289 442 612 663
98 441 735 784
168 441 623 686
348 441 591 630
161 441 588 658
49 441 490 588
6 438 864 900
67 438 699 752
204 438 555 627
70 438 504 596
194 437 603 666
230 437 552 621
288 436 824 852
58 435 957 986
120 435 750 795
36 435 628 691
252 435 594 651
168 434 462 560
306 432 972 990
40 432 900 932
243 432 891 918
250 432 736 774
96 432 720 768
45 432 621 684
120 432 568 640
48 432 480 576
213 431 937 963
120 430 785 825
257 428 705 744
160 428 664 716
112 428 601 665
53 428 445 550
103 427 825 861
63 427 545 621
90 426 824 860
304 426 513 569
269 426 477 550
95 426 428 537
334 425 823 842
332 425 788 809
380 425 690 705
372 424 710 726
327 424 444 505
94 423 705 752
146 423 678 727
24 423 601 664
47 423 470 564
206 423 449 540
214 422 868 896
275 422 662 701
249 421 471 547
56 420 924 952
50 420 765 805
264 420 700 736
161 420 665 714
203 420 644 693
42 420 549 621
232 418 905 929
187 418 803 836
220 418 528 594
132 418 473 561
199 418 436 529
234 416 858 884
398 416 702 708
272 416 576 624
10 415 705 750
92 414 690 736
229 414 517 582
46 414 460 552
292 414 418 492
350 413 651 672
245 413 644 686
243 412 978 997
124 412 960 984
40 412 484 568
295 412 480 537
250 412 465 537
369 411 587 605
76 411 562 627
20 410 860 890
30 409 842 873
289 408 918 935
191 408 794 825
304 408 628 660
240 408 464 536
111 408 423 522
22 406 952 976
112 406 700 742
54 405 891 918
3 405 705 747
90 405 675 720
45 405 450 540
213 405 432 516
160 404 844 872
156 403 429 520
106 402 799 831
24 402 606 660
18 402 512 584
3 401 733 771
225 400 825 850
108 400 608 660
193 400 489 558
336 399 969 978
271 399 658 690
135 399 522 588
210 399 504 567
270 397 603 640
88 396 660 704
282 396 540 582
44 396 440 528
243 395 424 498
268 394 872 890
172 394 646 688
32 394 575 631
291 394 555 592
10 394 412 508
303 394 396 457
122 393 654 697
336 392 960 968
350 392 479 503
294 392 427 483
157 391 645 687
111 391 492 562
52 390 858 884
147 390 819 846
255 390 540 585
12 389 808 837
55 388 951 972
160 388 590 638
138 388 480 550
86 387 645 688
96 387 549 606
43 387 430 516
96 387 405 498
44 386 654 696
168 385 668 705
272 384 864 880
216 384 792 816
9 384 625 670
194 384 621 661
6 384 564 618
40 384 552 608
306 384 450 492
167 384 390 481
16 382 644 686
174 382 432 508
20 381 443 522
158 380 829 853
170 380 730 760
281 380 558 591
200 380 480 540
92 380 464 536
120 380 430 510
8 380 424 508
83 379 818 844
119 378 668 705
84 378 630 672
74 378 560 612
144 378 534 588
138 378 504 564
105 378 497 560
42 378 420 504
251 378 402 469
104 377 650 689
348 376 956 960
292 376 880 892
265 376 730 751
72 376 492 556
50 375 825 850
153 374 969 986
108 374 796 822
144 372 652 688
144 372 396 480
242 372 386 456
291 370 666 685
136 370 414 492
49 369 904 924
150 369 852 873
18 369 774 801
82 369 615 656
264 369 463 508
41 369 410 492
78 369 375 468
207 368 759 782
330 368 757 765
337 368 538 551
220 368 376 452
263 366 726 745
116 366 440 510
261 365 850 864
5 365 720 750
238 364 504 546
69 363 411 489
307 363 388 426
54 363 366 459
190 361 456 513
255 360 810 825
48 360 792 816
246 360 758 776
243 360 618 645
80 360 600 640
138 360 570 612
174 360 552 594
297 360 489 516
346 360 463 471
138 360 415 487
40 360 400 480
248 360 372 436
111 359 460 522
153 359 363 449
233 358 545 580
9 358 534 583
160 358 426 492
171 357 857 875
210 357 406 469
79 356 463 524
121 355 883 901
60 354 771 795
300 354 558 576
210 354 552 588
159 354 524 569
146 354 488 540
135 354 439 502
209 353 978 990
48 352 944 960
144 352 912 928
190 352 816 834
151 352 788 809
198 352 726 748
276 352 678 694
124 352 514 562
134 352 467 523
84 352 441 505
94 352 388 466
78 351 585 624
39 351 390 468
82 350 931 947
54 350 651 683
96 348 600 636
19 348 523 570
243 347 580 606
174 346 642 670
249 346 513 544
11 346 428 493
177 345 802 820
46 345 759 782
193 345 526 564
216 345 495 534
153 345 486 534
36 345 434 497
96 344 628 660
294 343 840 847
63 342 687 714
153 342 657 684
76 342 570 608
180 342 432 486
160 342 408 470
108 342 387 459
38 342 380 456
50 341 452 509
132 341 363 440
57 340 633 664
304 340 552 564
241 340 489 522
282 339 778 787
300 339 661 670
171 339 498 540
221 338 654 675
221 338 468 507
312 338 436 450
73 337 404 470
238 336 756 770
189 336 693 714
40 336 612 644
7 336 495 542
35 336 483 532
238 336 444 482
252 336 366 414
50 335 905 920
20 335 505 550
24 334 537 577
209 334 500 535
42 334 462 514
1 334 438 495
100 334 354 432
37 333 930 944
32 333 795 814
74 333 555 592
141 333 544 580
37 333 370 444
64 332 862 878
8 332 564 600
180 332 550 582
160 332 379 443
270 332 366 404
151 332 352 425
174 331 885 898
324 331 866 867
114 331 596 627
200 330 960 970
4 330 918 932
45 330 885 900
135 330 855 870
44 330 726 748
235 330 450 485
137 329 952 964
126 329 607 636
123 329 525 563
206 328 788 802
16 328 688 712
105 328 401 462
104 327 761 780
159 327 748 766
216 327 618 639
128 326 372 438
30 324 675 699
210 324 668 686
72 324 540 576
90 324 426 480
36 324 360 432
134 323 608 635
11 323 496 538
170 323 408 459
3 323 334 414
18 322 344 420
120 321 498 537
89 321 402 460
125 320 820 835
180 320 660 680
5 320 470 515
255 320 375 410
113 320 354 423
167 319 584 610
88 319 550 583
68 318 495 535
40 318 384 446
45 318 380 443
60 316 800 816
127 316 590 617
57 316 513 550
255 316 503 522
153 316 444 487
42 315 693 714
70 315 525 560
120 315 445 490
115 315 420 470
242 315 413 444
35 315 350 420
188 314 662 680
232 313 816 825
292 313 799 802
227 313 665 679
57 313 366 430
221 312 702 715
204 312 432 468
110 311 665 686
244 311 625 638
108 311 561 590
153 311 463 501
120 310 330 400
93 309 720 738
206 309 594 613
30 309 363 426
285 309 334 352
42 308 826 840
126 308 798 812
11 307 596 622
124 307 461 500
30 307 309 388
48 306 718 736
68 306 510 544
228 306 471 495
202 306 445 477
180 306 348 402
34 306 340 408
178 305 622 641
296 305 519 522
54 304 960 970
93 304 830 843
171 304 627 646
136 304 584 608
61 304 573 600
160 304 384 432
96 304 344 408
120 303 633 654
145 303 447 485
48 302 580 606
222 302 516 536
36 302 472 510
95 302 324 393
252 301 531 544
93 301 302 378
110 300 920 930
176 300 662 678
40 300 660 680
115 300 475 510
145 300 460 495
81 300 456 495
166 300 337 393
78 299 709 726
127 298 612 633
186 298 332 384
180 297 864 873
105 297 828 840
66 297 495 528
33 297 330 396
239 296 431 452
15 295 920 930
184 295 545 566
250 295 465 480
175 295 460 490
252 294 720 726
137 294 480 511
232 294 394 420
154 293 736 749
142 293 394 437
4 292 576 600
136 292 370 418
74 291 333 394
162 290 912 920
47 290 534 561
80 290 500 530
168 290 396 434
199 290 367 404
116 288 674 690
204 288 648 660
162 288 594 612
64 288 480 512
30 288 414 456
32 288 320 384
14 287 602 623
39 286 767 780
117 286 741 754
187 286 396 429
38 285 627 646
229 285 508 522
57 285 443 479
150 285 360 405
69 285 348 402
6 285 318 381
113 284 305 368
147 283 420 454
150 283 365 408
261 282 717 720
219 282 660 669
54 282 369 417
4 282 337 393
89 281 362 410
28 280 366 414
210 280 305 345
108 279 489 516
62 279 465 496
31 279 310 372
108 279 297 360
10 278 661 677
87 276 864 873
165 276 778 787
55 276 631 648
165 276 282 339
57 275 501 527
158 275 285 342
179 274 992 997
232 274 323 347
153 272 561 578
179 272 331 370
74 272 282 348
120 271 386 423
99 270 828 837
36 270 594 612
2 270 470 498
60 270 450 480
75 270 355 400
30 270 300 360
142 270 288 344
186 270 279 327
230 269 899 902
40 268 724 736
142 268 465 489
16 268 404 440
72 268 281 345
116 267 278 339
224 266 646 652
119 266 511 532
90 266 348 392
140 266 336 378
84 266 301 357
81 264 809 818
160 264 768 776
36 264 708 720
108 264 684 696
187 264 594 605
225 264 505 514
188 264 360 388
29 263 571 589
33 262 921 928
200 262 641 649
165 262 477 496
128 261 515 534
147 261 511 529
72 261 450 477
58 261 435 464
29 261 290 348
109 260 877 884
98 260 546 564
170 260 360 390
72 258 471 495
64 258 366 404
64 258 270 332
100 256 656 668
144 256 528 544
4 256 376 412
204 256 300 328
34 255 561 578
7 255 448 474
167 255 414 436
131 255 399 427
150 255 290 335
128 254 888 894
105 252 737 746
30 252 459 483
56 252 420 448
96 252 356 392
2 252 345 385
92 252 336 376
28 252 280 336
17 251 333 375
51 251 298 348
124 250 870 876
31 250 487 508
22 250 305 353
30 249 751 760
212 249 527 534
6 249 423 450
96 248 264 320
5 248 252 315
130 247 312 351
24 246 906 912
28 246 783 791
100 246 568 582
12 246 516 534
52 246 250 312
210 245 600 605
16 245 382 413
1 244 729 738
54 243 405 432
62 243 309 352
48 243 302 347
62 243 285 334
27 243 270 324
33 242 649 660
99 242 627 638
46 242 274 326
36 242 244 306
222 241 378 385
88 240 736 744
170 240 540 550
32 240 528 544
135 240 495 510
162 240 412 430
92 240 380 408
116 240 368 396
25 240 345 380
198 240 326 344
21 238 365 396
45 237 600 612
51 237 485 503
34 237 376 405
12 236 736 744
40 236 514 530
110 236 393 417
200 236 372 384
140 236 368 392
106 235 422 443
107 235 236 292
52 234 390 416
153 234 324 351
26 234 260 312
40 234 247 303
89 233 570 582
62 233 306 345
64 232 400 424
140 231 672 679
6 230 708 716
72 230 697 705
144 230 330 356
102 230 324 356
150 229 464 477
42 228 458 476
102 228 438 456
167 228 423 436
120 228 288 324
72 228 258 306
22 228 237 293
132 227 789 794
107 227 326 356
114 226 332 360
57 225 786 792
30 225 495 510
50 225 375 400
127 225 333 359
188 225 279 298
25 225 250 300
138 224 595 603
126 224 462 476
168 224 244 276
55 223 776 782
159 223 276 304
185 222 465 472
96 220 900 904
30 220 590 600
90 220 570 580
92 219 677 684
3 219 432 450
35 219 252 298
125 218 965 968
144 218 412 426
84 217 231 280
123 216 954 957
68 216 900 904
153 216 486 495
20 216 450 466
125 216 368 387
48 216 360 384
60 216 284 320
24 216 240 288
118 215 625 632
162 214 678 682
51 214 675 682
8 214 635 643
80 214 332 358
58 213 792 797
45 213 412 430
186 212 355 363
107 211 434 448
77 210 644 651
28 210 462 476
132 210 350 368
110 209 264 297
117 208 429 442
199 208 351 354
136 208 288 312
181 207 699 701
46 207 345 368
23 207 230 276
146 207 209 246
62 206 480 492
20 206 242 284
186 205 852 853
20 205 755 760
127 205 601 607
10 205 430 445
197 204 530 531
152 204 314 330
120 204 232 268
11 203 476 488
56 203 350 371
80 202 422 436
30 201 543 552
12 201 303 330
9 201 256 292
54 200 304 330
132 199 512 519
15 198 927 930
120 198 576 582
70 198 552 560
27 198 531 540
81 198 513 522
44 198 330 352
141 198 270 291
22 198 220 264
134 197 436 445
86 197 323 344
5 197 206 254
168 196 480 484
26 195 429 442
132 194 912 914
82 194 748 752
80 194 295 319
69 194 240 275
22 193 327 348
75 192 492 501
136 192 432 440
108 192 396 408
3 192 282 309
20 192 276 304
153 192 225 246
8 191 322 343
87 191 216 254
85 190 365 380
100 190 240 270
46 190 232 268
60 190 215 255
4 190 212 254
42 189 315 336
37 189 280 306
72 189 267 294
69 189 252 282
21 189 210 252
174 188 478 480
146 188 440 446
36 188 246 278
54 187 398 411
29 186 549 556
72 186 326 344
72 186 198 240
121 186 193 228
68 185 207 246
145 184 593 596
58 184 576 582
110 184 188 226
58 183 220 255
119 182 252 273
22 180 984 986
94 180 912 914
33 180 801 804
66 180 552 558
24 180 396 408
123 180 379 388
40 180 300 320
69 180 285 306
87 180 276 297
20 180 200 240
124 180 186 218
80 179 213 246
115 178 675 678
165 178 618 619
9 177 552 558
150 177 279 288
105 177 276 294
73 177 244 270
59 176 762 765
24 176 472 480
72 176 456 464
95 176 408 417
99 176 363 374
138 176 339 347
62 176 257 281
47 176 194 233
58 175 756 759
48 174 300 318
69 173 898 900
87 173 321 335
45 173 214 246
48 172 314 330
38 171 285 304
90 171 216 243
80 171 204 235
19 171 190 228
152 170 276 282
156 169 218 225
43 168 555 560
119 168 378 385
20 168 306 322
119 168 222 241
126 168 183 207
21 167 231 257
50 167 177 216
32 166 431 439
4 166 282 300
90 166 275 291
135 166 183 202
72 165 675 678
100 165 480 485
2 165 459 466
22 165 363 374
66 164 828 830
16 164 604 608
103 164 394 401
8 164 344 356
64 163 186 219
51 162 675 678
105 162 334 343
36 162 270 288
45 162 213 240
18 162 180 216
9 161 172 210
90 160 330 340
64 159 498 503
20 159 192 223
30 158 400 408
94 157 331 340
102 156 216 234
33 155 783 785
60 155 165 200
21 154 413 420
63 154 399 406
24 153 359 368
34 153 255 272
90 153 174 201
17 153 170 204
41 152 617 620
27 152 480 485
68 152 292 304
80 152 192 216
48 152 172 204
4 151 617 620
24 151 290 303
111 151 258 268
18 151 236 255
38 150 524 528
55 150 460 465
88 150 331 339
20 150 330 340
93 149 166 192
81 148 950 951
105 148 833 834
126 147 360 363
116 147 197 210
2 146 288 300
68 146 185 209
81 145 456 460
40 145 250 265
84 145 198 217
82 144 636 638
58 144 337 345
102 144 324 330
81 144 297 306
32 144 240 256
15 144 207 228
16 144 160 192
39 143 690 692
25 142 561 564
14 140 183 207
78 139 858 859
63 137 621 623
37 136 141 174
18 135 297 306
1 135 235 249
30 135 225 240
15 135 150 180
71 135 144 172
7 134 895 896
20 134 362 368
8 134 202 220
96 133 699 700
112 133 323 326
45 133 174 196
70 133 168 189
10 132 618 620
113 132 534 535
80 132 384 388
18 132 354 360
54 132 342 348
94 132 180 194
49 130 273 282
85 130 180 195
32 129 183 202
32 129 135 166
50 128 328 334
72 128 264 272
2 128 188 206
102 128 150 164
64 127 444 447
28 126 210 224
48 126 178 196
46 126 168 188
14 126 140 168
62 125 435 438
48 124 132 160
56 123 749 750
12 123 453 456
50 123 284 291
6 123 258 267
26 123 125 156
23 121 137 163
18 121 122 153
22 120 534 536
44 120 368 372
85 120 270 275
16 120 264 272
81 120 206 215
46 120 190 204
58 120 184 198
99 120 163 172
6 118 368 372
20 118 257 265
100 118 186 192
70 118 184 196
26 117 195 208
13 117 130 156
32 116 200 212
72 115 618 619
3 115 354 358
72 115 165 178
51 115 162 178
35 114 692 693
53 114 666 667
21 114 229 238
51 114 219 228
60 114 144 162
36 114 129 153
57 113 166 180
63 112 231 238
84 112 122 138
48 110 450 452
15 110 295 300
45 110 285 290
72 109 206 213
34 108 450 452
10 108 225 233
24 108 180 192
30 108 142 160
12 108 120 144
81 107 339 341
40 107 166 179
45 106 605 606
14 105 231 238
66 105 175 184
68 104 144 156
36 103 590 591
31 103 240 246
10 103 121 142
76 102 157 165
60 102 116 134
40 101 211 218
27 100 152 165
60 99 288 291
35 99 276 280
22 99 165 176
11 99 110 132
84 98 240 242
6 97 551 552
66 97 456 457
41 97 374 376
68 96 216 220
54 96 198 204
10 96 138 152
50 95 120 135
23 95 116 134
2 95 106 127
87 94 239 240
73 94 220 223
18 94 123 139
36 93 163 172
36 93 99 120
29 92 288 291
55 92 94 113
11 90 492 493
47 90 456 457
33 90 276 279
12 90 198 204
20 90 150 160
10 90 100 120
62 90 93 109
12 88 236 240
36 88 228 232
24 87 150 159
24 86 157 165
76 85 138 141
10 84 153 161
2 83 141 150
33 82 414 415
8 82 302 304
4 82 172 178
18 81 135 144
9 81 90 108
45 80 165 170
15 79 200 204
51 78 108 117
34 76 146 152
40 76 96 108
24 76 86 102
19 75 262 264
10 75 165 170
1 73 144 150
41 72 318 319
51 72 162 165
16 72 120 128
8 72 80 96
10 67 181 184
4 67 101 110
5 66 309 310
40 66 192 194
9 66 177 180
27 66 171 174
47 66 90 97
25 64 164 167
36 64 132 136
1 64 94 103
51 64 75 82
14 63 105 112
24 63 89 98
23 63 84 94
7 63 70 84
24 62 66 80
11 60 267 268
22 60 184 186
8 60 132 136
23 60 95 102
29 60 92 99
3 59 184 186
50 59 93 96
35 59 92 98
16 58 100 106
30 57 72 81
42 56 61 69
24 55 225 226
17 54 225 226
12 54 90 96
15 54 71 80
6 54 60 72
34 52 72 78
30 51 58 67
42 49 120 121
34 48 108 110
27 48 99 102
5 48 69 76
6 45 99 102
10 45 75 80
5 45 50 60
6 44 118 120
18 44 114 116
4 41 151 152
2 41 86 89
17 38 73 76
20 38 48 54
12 38 43 51
8 36 60 64
4 36 40 48
20 33 96 97
18 32 66 68
12 31 33 40
11 30 92 93
4 30 66 68
8 29 50 53
6 27 45 48
3 27 30 36
17 26 36 39
17 24 54 55
3 22 59 60
9 22 57 58
10 19 24 27
4 18 30 32
2 18 20 24
9 16 33 34
2 15 33 34
2 9 15 16
1 9 10 12
